1723362995847 0.0 0
1723363002578 1.0 1
1723363009863 2.0 2
1723363017987 3.0 3
1723363025295 4.0 4
1723363032179 5.0 5
1723363039662 6.0 6
1723363046680 7.0 7
1723363055130 8.0 8
1723363061931 9.0 9
1723363069091 10.0 10
1723363075937 11.0 11
1723363083368 12.0 12
1723363091256 13.0 13
1723363098056 14.0 14
1723363105527 15.0 15
1723363112277 16.0 16
1723363118859 17.0 17
1723363125512 18.0 18
1723363132596 19.0 19
1723363139246 20.0 20
1723363146892 21.0 21
1723363153515 22.0 22
1723363160228 23.0 23
1723363167932 24.0 24
1723363174670 25.0 25
1723363181605 26.0 26
1723363188213 27.0 27
1723363194847 28.0 28
1723363201421 29.0 29
1723363209026 30.0 30
1723363215922 31.0 31
1723363222564 32.0 32
1723363229022 33.0 33
1723363235772 34.0 34
1723363243827 35.0 35
1723363250373 36.0 36
1723363257216 37.0 37
1723363264017 38.0 38
1723363270528 39.0 39
1723363277440 40.0 40
1723363285169 41.0 41
1723363291921 42.0 42
1723363298657 43.0 43
1723363305540 44.0 44
1723363312126 45.0 45
1723363319533 46.0 46
1723363326328 47.0 47
1723363332807 48.0 48
1723363339300 49.0 49
1723363346031 50.0 50
1723363353841 51.0 51
1723363360615 52.0 52
1723363367449 53.0 53
1723363374133 54.0 54
1723363380802 55.0 55
1723363387599 56.0 56
1723363394843 57.0 57
1723363401517 58.0 58
1723363408426 59.0 59
1723363415272 60.0 60
1723363421971 61.0 61
1723363429930 62.0 62
1723363436545 63.0 63
1723363443339 64.0 64
1723363450036 65.0 65
1723363456755 66.0 66
1723363465209 67.0 67
1723363472072 68.0 68
1723363478788 69.0 69
1723363485605 70.0 70
1723363492537 71.0 71
1723363500100 72.0 72
1723363507005 73.0 73
1723363513741 74.0 74
1723363520667 75.0 75
1723363527577 76.0 76
1723363534584 77.0 77
1723363541480 78.0 78
1723363548381 79.0 79
1723363555106 80.0 80
1723363561786 81.0 81
1723363568647 82.0 82
1723363576295 83.0 83
1723363583127 84.0 84
1723363590076 85.0 85
1723363596905 86.0 86
1723363603868 87.0 87
1723363611488 88.0 88
1723363618014 89.0 89
1723363624895 90.0 90
1723363631858 91.0 91
1723363638791 92.0 92
1723363645592 93.0 93
1723363652658 94.0 94
1723363659539 95.0 95
1723363666312 96.0 96
1723363673283 97.0 97
1723363680292 98.0 98
1723363688141 99.0 99
1723363694579 100.0 100
1723363701056 101.0 101
1723363707844 102.0 102
1723363714697 103.0 103
1723363721516 104.0 104
1723363728793 105.0 105
1723363735653 106.0 106
1723363742370 107.0 107
1723363749016 108.0 108
1723363755766 109.0 109
1723363763578 110.0 110
1723363770167 111.0 111
1723363776909 112.0 112
1723363783700 113.0 113
1723363790672 114.0 114
1723363798231 115.0 115
1723363804996 116.0 116
1723363811847 117.0 117
1723363818407 118.0 118
1723363825239 119.0 119
1723363832126 120.0 120
1723363838908 121.0 121
1723363845512 122.0 122
1723363852201 123.0 123
1723363858984 124.0 124
1723363865898 125.0 125
1723363873539 126.0 126
1723363879997 127.0 127
1723363886693 128.0 128
1723363893423 129.0 129
1723363899963 130.0 130
1723363907061 131.0 131
1723363914035 132.0 132
1723363920825 133.0 133
1723363927604 134.0 134
1723363934615 135.0 135
1723363941631 136.0 136
1723363948638 137.0 137
1723363955985 138.0 138
1723363962685 139.0 139
1723363969492 140.0 140
1723363976541 141.0 141
1723363983731 142.0 142
1723363990446 143.0 143
1723363997448 144.0 144
1723364004318 145.0 145
1723364011078 146.0 146
1723364018181 147.0 147
1723364024873 148.0 148
1723364031611 149.0 149
1723364038216 150.0 150
1723364045151 151.0 151
1723364053072 152.0 152
1723364059937 153.0 153
1723364066487 154.0 154
1723364073479 155.0 155
1723364080206 156.0 156
1723364087125 157.0 157
1723364094020 158.0 158
1723364100821 159.0 159
1723364107656 160.0 160
1723364114564 161.0 161
1723364121453 162.0 162
1723364128421 163.0 163
1723364135175 164.0 164
1723364141944 165.0 165
1723364148581 166.0 166
1723364155324 167.0 167
1723364162520 168.0 168
1723364169401 169.0 169
1723364176215 170.0 170
1723364183002 171.0 171
1723364189724 172.0 172
1723364197873 173.0 173
1723364204627 174.0 174
1723364211319 175.0 175
1723364218013 176.0 176
1723364225206 177.0 177
1723364232874 178.0 178
1723364239673 179.0 179
1723364246399 180.0 180
1723364253288 181.0 181
1723364260158 182.0 182
1723364267269 183.0 183
1723364274368 184.0 184
1723364281201 185.0 185
1723364288034 186.0 186
1723364294746 187.0 187
1723364301571 188.0 188
1723364308479 189.0 189
1723364315265 190.0 190
1723364322048 191.0 191
1723364328523 192.0 192
1723364335094 193.0 193
1723364342990 194.0 194
1723364349837 195.0 195
1723364356566 196.0 196
1723364363394 197.0 197
1723364370082 198.0 198
1723364378125 199.0 199
1723364384848 200.0 200
1723364391672 201.0 201
1723364398595 202.0 202
1723364405216 203.0 203
1723364412021 204.0 204
1723364419118 205.0 205
1723364425955 206.0 206
1723364432565 207.0 207
1723364439028 208.0 208
1723364445787 209.0 209
1723364453551 210.0 210
1723364460128 211.0 211
1723364466985 212.0 212
1723364473709 213.0 213
1723364480246 214.0 214
1723364488136 215.0 215
1723364495032 216.0 216
1723364501828 217.0 217
1723364508702 218.0 218
1723364515605 219.0 219
1723364522529 220.0 220
1723364529659 221.0 221
1723364536521 222.0 222
1723364543273 223.0 223
1723364550032 224.0 224
1723364556882 225.0 225
1723364564434 226.0 226
1723364570835 227.0 227
1723364577689 228.0 228
1723364584486 229.0 229
1723364591294 230.0 230
1723364599223 231.0 231
1723364605985 232.0 232
1723364612628 233.0 233
1723364619092 234.0 234
1723364625857 235.0 235
1723364632650 236.0 236
1723364639818 237.0 237
1723364646617 238.0 238
1723364653508 239.0 239
1723364660267 240.0 240
1723364667026 241.0 241
1723364674780 242.0 242
1723364681562 243.0 243
1723364688086 244.0 244
1723364694828 245.0 245
1723364701755 246.0 246
1723364709651 247.0 247
1723364716304 248.0 248
1723364723040 249.0 249
1723364729901 250.0 250
1723364736639 251.0 251
1723364743462 252.0 252
1723364750723 253.0 253
1723364757653 254.0 254
1723364764440 255.0 255
1723364771019 256.0 256
1723364777463 257.0 257
1723364785015 258.0 258
1723364791826 259.0 259
1723364798499 260.0 260
1723364805316 261.0 261
1723364811924 262.0 262
1723364819772 263.0 263
1723364826699 264.0 264
1723364833191 265.0 265
1723364840169 266.0 266
1723364846856 267.0 267
1723364853443 268.0 268
1723364860763 269.0 269
1723364867458 270.0 270
1723364874097 271.0 271
1723364880779 272.0 272
1723364887357 273.0 273
1723364895327 274.0 274
1723364902048 275.0 275
1723364908787 276.0 276
1723364915511 277.0 277
1723364922140 278.0 278
1723364929012 279.0 279
1723364935864 280.0 280
1723364942629 281.0 281
1723364949229 282.0 282
1723364956029 283.0 283
1723364962890 284.0 284
1723364969763 285.0 285
1723364976593 286.0 286
1723364983239 287.0 287
1723364989953 288.0 288
1723364996884 289.0 289
1723365004516 290.0 290
1723365011402 291.0 291
1723365018040 292.0 292
1723365024823 293.0 293
1723365031522 294.0 294
1723365039093 295.0 295
1723365046078 296.0 296
1723365052894 297.0 297
1723365059687 298.0 298
1723365066411 299.0 299
