1723362995848 25413894.0 0
1723363002579 25413894.0 1
1723363009863 25413894.0 2
1723363017988 25413894.0 3
1723363025295 25413894.0 4
1723363032179 25413894.0 5
1723363039663 25413894.0 6
1723363046680 25413894.0 7
1723363055131 25413894.0 8
1723363061932 25413894.0 9
1723363069092 25413894.0 10
1723363075938 25413894.0 11
1723363083368 25413894.0 12
1723363091259 25413894.0 13
1723363098057 25413894.0 14
1723363105528 25413894.0 15
1723363112278 25413894.0 16
1723363118860 25413894.0 17
1723363125514 25413894.0 18
1723363132596 25413894.0 19
1723363139247 25413894.0 20
1723363146893 25413894.0 21
1723363153515 25413894.0 22
1723363160228 25413894.0 23
1723363167933 25413894.0 24
1723363174671 25413894.0 25
1723363181605 25413894.0 26
1723363188213 25413894.0 27
1723363194848 25413894.0 28
1723363201422 25413894.0 29
1723363209026 25413894.0 30
1723363215923 25413894.0 31
1723363222564 25413894.0 32
1723363229022 25413894.0 33
1723363235773 25413894.0 34
1723363243828 25413894.0 35
1723363250374 25413894.0 36
1723363257217 25413894.0 37
1723363264018 25413894.0 38
1723363270528 25413894.0 39
1723363277442 25413894.0 40
1723363285170 25413894.0 41
1723363291922 25413894.0 42
1723363298658 25413894.0 43
1723363305541 25413894.0 44
1723363312127 25413894.0 45
1723363319534 25413894.0 46
1723363326329 25413894.0 47
1723363332807 25413894.0 48
1723363339301 25413894.0 49
1723363346032 25413894.0 50
1723363353842 25413894.0 51
1723363360616 25413894.0 52
1723363367449 25413894.0 53
1723363374133 25413894.0 54
1723363380803 25413894.0 55
1723363387601 25413894.0 56
1723363394843 25413894.0 57
1723363401517 25413894.0 58
1723363408427 25413894.0 59
1723363415273 25413894.0 60
1723363421972 25413894.0 61
1723363429931 25413894.0 62
1723363436546 25413894.0 63
1723363443339 25413894.0 64
1723363450038 25413894.0 65
1723363456756 25413894.0 66
1723363465210 25413894.0 67
1723363472073 25413894.0 68
1723363478789 25413894.0 69
1723363485606 25413894.0 70
1723363492538 25413894.0 71
1723363500102 25413894.0 72
1723363507006 25413894.0 73
1723363513742 25413894.0 74
1723363520668 25413894.0 75
1723363527578 25413894.0 76
1723363534586 25413894.0 77
1723363541481 25413894.0 78
1723363548382 25413894.0 79
1723363555107 25413894.0 80
1723363561786 25413894.0 81
1723363568648 25413894.0 82
1723363576296 25413894.0 83
1723363583128 25413894.0 84
1723363590077 25413894.0 85
1723363596906 25413894.0 86
1723363603869 25413894.0 87
1723363611488 25413894.0 88
1723363618014 25413894.0 89
1723363624896 25413894.0 90
1723363631859 25413894.0 91
1723363638791 25413894.0 92
1723363645593 25413894.0 93
1723363652659 25413894.0 94
1723363659540 25413894.0 95
1723363666312 25413894.0 96
1723363673284 25413894.0 97
1723363680292 25413894.0 98
1723363688141 25413894.0 99
1723363694580 25413894.0 100
1723363701057 25413894.0 101
1723363707847 25413894.0 102
1723363714698 25413894.0 103
1723363721518 25413894.0 104
1723363728794 25413894.0 105
1723363735654 25413894.0 106
1723363742371 25413894.0 107
1723363749017 25413894.0 108
1723363755766 25413894.0 109
1723363763579 25413894.0 110
1723363770168 25413894.0 111
1723363776910 25413894.0 112
1723363783701 25413894.0 113
1723363790673 25413894.0 114
1723363798232 25413894.0 115
1723363804996 25413894.0 116
1723363811848 25413894.0 117
1723363818408 25413894.0 118
1723363825240 25413894.0 119
1723363832127 25413894.0 120
1723363838909 25413894.0 121
1723363845512 25413894.0 122
1723363852202 25413894.0 123
1723363858985 25413894.0 124
1723363865898 25413894.0 125
1723363873540 25413894.0 126
1723363879998 25413894.0 127
1723363886694 25413894.0 128
1723363893424 25413894.0 129
1723363899964 25413894.0 130
1723363907063 25413894.0 131
1723363914036 25413894.0 132
1723363920826 25413894.0 133
1723363927604 25413894.0 134
1723363934616 25413894.0 135
1723363941633 25413894.0 136
1723363948639 25413894.0 137
1723363955986 25413894.0 138
1723363962686 25413894.0 139
1723363969492 25413894.0 140
1723363976543 25413894.0 141
1723363983731 25413894.0 142
1723363990447 25413894.0 143
1723363997448 25413894.0 144
1723364004319 25413894.0 145
1723364011079 25413894.0 146
1723364018182 25413894.0 147
1723364024874 25413894.0 148
1723364031611 25413894.0 149
1723364038216 25413894.0 150
1723364045152 25413894.0 151
1723364053073 25413894.0 152
1723364059938 25413894.0 153
1723364066488 25413894.0 154
1723364073480 25413894.0 155
1723364080207 25413894.0 156
1723364087126 25413894.0 157
1723364094021 25413894.0 158
1723364100822 25413894.0 159
1723364107657 25413894.0 160
1723364114565 25413894.0 161
1723364121455 25413894.0 162
1723364128422 25413894.0 163
1723364135175 25413894.0 164
1723364141944 25413894.0 165
1723364148582 25413894.0 166
1723364155326 25413894.0 167
1723364162521 25413894.0 168
1723364169402 25413894.0 169
1723364176216 25413894.0 170
1723364183003 25413894.0 171
1723364189725 25413894.0 172
1723364197874 25413894.0 173
1723364204628 25413894.0 174
1723364211320 25413894.0 175
1723364218013 25413894.0 176
1723364225207 25413894.0 177
1723364232875 25413894.0 178
1723364239674 25413894.0 179
1723364246400 25413894.0 180
1723364253289 25413894.0 181
1723364260159 25413894.0 182
1723364267272 25413894.0 183
1723364274368 25413894.0 184
1723364281202 25413894.0 185
1723364288034 25413894.0 186
1723364294747 25413894.0 187
1723364301573 25413894.0 188
1723364308480 25413894.0 189
1723364315265 25413894.0 190
1723364322049 25413894.0 191
1723364328523 25413894.0 192
1723364335095 25413894.0 193
1723364342991 25413894.0 194
1723364349838 25413894.0 195
1723364356567 25413894.0 196
1723364363395 25413894.0 197
1723364370083 25413894.0 198
1723364378126 25413894.0 199
1723364384848 25413894.0 200
1723364391672 25413894.0 201
1723364398596 25413894.0 202
1723364405216 25413894.0 203
1723364412024 25413894.0 204
1723364419119 25413894.0 205
1723364425956 25413894.0 206
1723364432566 25413894.0 207
1723364439029 25413894.0 208
1723364445787 25413894.0 209
1723364453552 25413894.0 210
1723364460129 25413894.0 211
1723364466986 25413894.0 212
1723364473710 25413894.0 213
1723364480246 25413894.0 214
1723364488137 25413894.0 215
1723364495033 25413894.0 216
1723364501829 25413894.0 217
1723364508702 25413894.0 218
1723364515606 25413894.0 219
1723364522531 25413894.0 220
1723364529660 25413894.0 221
1723364536522 25413894.0 222
1723364543274 25413894.0 223
1723364550032 25413894.0 224
1723364556882 25413894.0 225
1723364564435 25413894.0 226
1723364570836 25413894.0 227
1723364577690 25413894.0 228
1723364584487 25413894.0 229
1723364591295 25413894.0 230
1723364599224 25413894.0 231
1723364605986 25413894.0 232
1723364612628 25413894.0 233
1723364619093 25413894.0 234
1723364625858 25413894.0 235
1723364632652 25413894.0 236
1723364639819 25413894.0 237
1723364646618 25413894.0 238
1723364653509 25413894.0 239
1723364660267 25413894.0 240
1723364667027 25413894.0 241
1723364674781 25413894.0 242
1723364681563 25413894.0 243
1723364688087 25413894.0 244
1723364694829 25413894.0 245
1723364701755 25413894.0 246
1723364709652 25413894.0 247
1723364716304 25413894.0 248
1723364723041 25413894.0 249
1723364729901 25413894.0 250
1723364736640 25413894.0 251
1723364743464 25413894.0 252
1723364750724 25413894.0 253
1723364757654 25413894.0 254
1723364764441 25413894.0 255
1723364771019 25413894.0 256
1723364777463 25413894.0 257
1723364785016 25413894.0 258
1723364791827 25413894.0 259
1723364798500 25413894.0 260
1723364805317 25413894.0 261
1723364811925 25413894.0 262
1723364819772 25413894.0 263
1723364826699 25413894.0 264
1723364833192 25413894.0 265
1723364840170 25413894.0 266
1723364846856 25413894.0 267
1723364853445 25413894.0 268
1723364860763 25413894.0 269
1723364867459 25413894.0 270
1723364874097 25413894.0 271
1723364880780 25413894.0 272
1723364887358 25413894.0 273
1723364895328 25413894.0 274
1723364902049 25413894.0 275
1723364908788 25413894.0 276
1723364915512 25413894.0 277
1723364922140 25413894.0 278
1723364929014 25413894.0 279
1723364935865 25413894.0 280
1723364942630 25413894.0 281
1723364949230 25413894.0 282
1723364956029 25413894.0 283
1723364962892 25413894.0 284
1723364969763 25413894.0 285
1723364976594 25413894.0 286
1723364983239 25413894.0 287
1723364989954 25413894.0 288
1723364996885 25413894.0 289
1723365004516 25413894.0 290
1723365011402 25413894.0 291
1723365018041 25413894.0 292
1723365024824 25413894.0 293
1723365031523 25413894.0 294
1723365039094 25413894.0 295
1723365046079 25413894.0 296
1723365052895 25413894.0 297
1723365059687 25413894.0 298
1723365066412 25413894.0 299
