1723362995844 1.7827155652799105 0
1723363002576 1.6902807323556197 1
1723363009860 1.5867811943355359 2
1723363017983 1.5173210031107853 3
1723363025292 1.4768561501252024 4
1723363032175 1.4750099621321027 5
1723363039658 1.4270818547198647 6
1723363046676 1.337679204187895 7
1723363055127 1.3425620731554533 8
1723363061928 1.2379049470550136 9
1723363069088 1.1132526868268062 10
1723363075934 1.161179737040871 11
1723363083364 1.1142224355747825 12
1723363091247 1.0088360372342562 13
1723363098053 1.1528277428526628 14
1723363105524 0.989332167725814 15
1723363112274 1.1723925439934981 16
1723363118855 1.0379660380514044 17
1723363125503 1.0211169876550372 18
1723363132592 0.9919529839565879 19
1723363139243 0.9525767407919231 20
1723363146889 1.0438243558532314 21
1723363153512 1.0673740380688717 22
1723363160225 0.9996803810721949 23
1723363167929 0.8512956264771914 24
1723363174666 1.005794832580968 25
1723363181602 1.0379248167339123 26
1723363188210 0.9002496945230585 27
1723363194843 0.9214867322068465 28
1723363201413 1.036165309579749 29
1723363209023 1.0065818805443614 30
1723363215920 0.9559505817137266 31
1723363222561 1.0210978890720166 32
1723363229019 0.9427755349560788 33
1723363235768 0.9039894122826425 34
1723363243824 0.9750427854688544 35
1723363250370 0.854434051011738 36
1723363257213 0.8923293885431791 37
1723363264014 1.0093003040865849 38
1723363270525 0.923407295816823 39
1723363277434 0.963428258895874 40
1723363285166 0.9513860533111974 41
1723363291918 0.8628346182798085 42
1723363298654 0.8246102521294042 43
1723363305537 0.8780260054688704 44
1723363312123 0.9150654579463758 45
1723363319531 0.8422640185607108 46
1723363326325 0.886766747424477 47
1723363332804 1.0115952460389388 48
1723363339297 0.7983307712956479 49
1723363346027 0.971055269241333 50
1723363353838 0.8838837931030675 51
1723363360612 0.9463969625924763 52
1723363367446 0.8672671396481363 53
1723363374129 0.9145163517249258 54
1723363380799 0.9680147672954359 55
1723363387589 0.8835354102285284 56
1723363394840 0.8216290489623421 57
1723363401514 0.9502293969455519 58
1723363408423 0.9712662822321841 59
1723363415269 0.9153123184254295 60
1723363421968 0.9482433780243522 61
1723363429927 0.9775477459556178 62
1723363436543 0.9071893786129198 63
1723363443335 0.8863236449266735 64
1723363450033 0.8739692929543947 65
1723363456752 0.9636480149469877 66
1723363465203 0.9343105115388569 67
1723363472069 0.8933366913544504 68
1723363478785 0.8416043080781636 69
1723363485602 0.9297460945029008 70
1723363492533 0.9345340007229855 71
1723363500091 0.921368564430036 72
1723363507002 0.8931757807731628 73
1723363513737 0.898467945425134 74
1723363520664 0.9091021136233681 75
1723363527574 0.8794353071011995 76
1723363534576 0.8123221287601873 77
1723363541477 0.8179312222882321 78
1723363548378 0.9620850274437353 79
1723363555103 0.919270639356814 80
1723363561783 0.8326840698719025 81
1723363568643 0.7664733121269628 82
1723363576292 0.8959300894486276 83
1723363583124 0.9111650554757369 84
1723363590072 0.9136195245542025 85
1723363596902 0.7575127937291798 86
1723363603865 0.805866191261693 87
1723363611485 0.8557064784200568 88
1723363618011 0.9126374596043637 89
1723363624891 0.8786689670462358 90
1723363631855 0.8524395729366102 91
1723363638788 0.8658316951049002 92
1723363645585 0.8725017481728604 93
1723363652656 0.9037116169929504 94
1723363659536 0.8635995544885334 95
1723363666308 0.8879226006959614 96
1723363673279 0.8442401038972955 97
1723363680289 0.8465289520589929 98
1723363688138 0.7980959227210597 99
1723363694576 0.8180989513271734 100
1723363701053 0.8009969764634183 101
1723363707839 0.8403014870066392 102
1723363714694 0.8071239810240897 103
1723363721509 0.7930516255529303 104
1723363728789 0.8852448667350569 105
1723363735649 0.945442281271282 106
1723363742368 0.8520030002844962 107
1723363749013 0.854929822055917 108
1723363755763 0.8916327733742563 109
1723363763575 0.8425313344127253 110
1723363770164 0.872924058060897 111
1723363776905 0.9082589525925485 112
1723363783697 0.8506270898015875 113
1723363790669 0.8398610322098983 114
1723363798228 0.8388553120588002 115
1723363804992 0.8153801340805856 116
1723363811844 0.8000626250317222 117
1723363818403 0.7961843327472085 118
1723363825236 0.8667999066804585 119
1723363832119 0.8357739793626886 120
1723363838905 0.854152406516828 121
1723363845509 0.8855459470497934 122
1723363852198 0.8278793974926597 123
1723363858982 0.8155150178231692 124
1723363865895 0.8318643695429752 125
1723363873536 0.8869571277969762 126
1723363879994 0.8394546367620167 127
1723363886690 0.897212985314821 128
1723363893420 0.8188648631698207 129
1723363899960 0.8436768086333024 130
1723363907054 0.7779699611036401 131
1723363914032 0.8907099303446318 132
1723363920822 0.8630972724211844 133
1723363927600 0.9421005060798243 134
1723363934611 0.8746274301880285 135
1723363941624 0.8498599905716745 136
1723363948635 0.8473939628977525 137
1723363955983 0.90585920685216 138
1723363962682 0.8554597104850569 139
1723363969488 0.8828092562524896 140
1723363976534 0.8321674026940998 141
1723363983728 0.901933911599611 142
1723363990443 0.8369395513283578 143
1723363997445 0.8004569113254547 144
1723364004316 0.8874192080999675 145
1723364011075 0.7918350131888139 146
1723364018178 0.8114526663955889 147
1723364024870 0.8530623693215219 148
1723364031607 0.7949206829071045 149
1723364038213 0.7130086061201597 150
1723364045147 0.7744247787877133 151
1723364053068 0.8475396319439537 152
1723364059933 0.8102038973256162 153
1723364066483 0.8881765729502628 154
1723364073476 0.8055695734525982 155
1723364080203 0.8456949685749254 156
1723364087118 0.834866558250628 157
1723364094018 0.8385482242232875 158
1723364100818 0.8102333388830486 159
1723364107653 0.8572935838448373 160
1723364114561 0.7897632278894123 161
1723364121446 0.8426943452734696 162
1723364128417 0.8241249040553444 163
1723364135172 0.8294472537542644 164
1723364141941 0.7804622775629947 165
1723364148578 0.8117788308545163 166
1723364155315 0.7705559510933725 167
1723364162517 0.8811237686558774 168
1723364169397 0.8496289410089192 169
1723364176212 0.8999924502874675 170
1723364182998 0.8131935502353468 171
1723364189720 0.7669747220842462 172
1723364197870 0.8503469495396865 173
1723364204623 0.8523822050345572 174
1723364211316 0.7847266259946322 175
1723364218010 0.8304744409887415 176
1723364225203 0.7920739917378676 177
1723364232871 0.8242502667401966 178
1723364239670 0.845736961615713 179
1723364246396 0.7866740258116471 180
1723364253283 0.8420421543874239 181
1723364260155 0.7389331334515622 182
1723364267261 0.7932680970744083 183
1723364274365 0.7892296314239502 184
1723364281198 0.8054211814152566 185
1723364288031 0.8084215145362051 186
1723364294743 0.8409037809622916 187
1723364301564 0.856156283303311 188
1723364308477 0.7957734387171896 189
1723364315262 0.8848050393556294 190
1723364322045 0.8320889237679934 191
1723364328520 0.8564463038193552 192
1723364335092 0.8131378936140161 193
1723364342987 0.8593564849150809 194
1723364349834 0.8237240769361195 195
1723364356563 0.8813739575837788 196
1723364363391 0.8396696542438707 197
1723364370079 0.8001486580622824 198
1723364378122 0.853774462875567 199
1723364384845 0.7702531594979135 200
1723364391669 0.8220967368075722 201
1723364398592 0.7996635923260137 202
1723364405213 0.8164078844221014 203
1723364412012 0.7852864108587566 204
1723364419115 0.7885655321572956 205
1723364425952 0.7668191100421705 206
1723364432562 0.7102719639476976 207
1723364439025 0.9028741497742502 208
1723364445784 0.8031161741206521 209
1723364453548 0.790926710555428 210
1723364460125 0.847275341811933 211
1723364466982 0.8444176284890426 212
1723364473706 0.8198236917194567 213
1723364480243 0.7100893933522073 214
1723364488133 0.7906510029968462 215
1723364495030 0.780394761185897 216
1723364501824 0.7992091194579476 217
1723364508699 0.7674182982821214 218
1723364515602 0.8383931454859281 219
1723364522520 0.7927188590953225 220
1723364529656 0.8577121621684024 221
1723364536518 0.7519120981818751 222
1723364543270 0.8577814855073628 223
1723364550029 0.7918902886541266 224
1723364556879 0.8288535005167911 225
1723364564432 0.8643693108307687 226
1723364570832 0.8180731346732691 227
1723364577685 0.745690107345581 228
1723364584483 0.8359901810947218 229
1723364591291 0.8110200511781793 230
1723364599220 0.8936211749127037 231
1723364605981 0.7843886723643855 232
1723364612625 0.8301312327384949 233
1723364619088 0.7767666750832608 234
1723364625853 0.8627532438228005 235
1723364632644 0.7529847512119695 236
1723364639814 0.7898640820854589 237
1723364646614 0.8352538817807248 238
1723364653505 0.8350495413730019 239
1723364660264 0.8059879949218348 240
1723364667023 0.8294793806577984 241
1723364674777 0.779172105224509 242
1723364681559 0.8337974344429216 243
1723364688084 0.8193622984384236 244
1723364694824 0.8583264727341501 245
1723364701752 0.8466616868972778 246
1723364709648 0.7996055703414114 247
1723364716301 0.8042634803997842 248
1723364723036 0.8205324976067794 249
1723364729898 0.7828651431359743 250
1723364736636 0.8018090552405307 251
1723364743453 0.8120549791737607 252
1723364750721 0.7521266215725949 253
1723364757650 0.8336683888184396 254
1723364764437 0.7010713125530043 255
1723364771016 0.7917395265478837 256
1723364777460 0.7819802729707015 257
1723364785012 0.8025798781921989 258
1723364791823 0.8489039634403429 259
1723364798495 0.783152677510914 260
1723364805312 0.8068616045148749 261
1723364811920 0.8476690022568953 262
1723364819768 0.8712566840021234 263
1723364826695 0.7181853291235472 264
1723364833188 0.7826726530727587 265
1723364840166 0.7868460385422957 266
1723364846853 0.8144301787803048 267
1723364853437 0.7804356311496935 268
1723364860760 0.8272831659567984 269
1723364867455 0.836832764901613 270
1723364874093 0.8577876561566403 271
1723364880775 0.8115111150239643 272
1723364887354 0.8339871262249193 273
1723364895324 0.8452372143143102 274
1723364902044 0.8477129685251337 275
1723364908784 0.8057501661150079 276
1723364915508 0.7711143164258254 277
1723364922137 0.8440299724277697 278
1723364929005 0.7743706844354931 279
1723364935861 0.7888960352069453 280
1723364942626 0.8228403157309482 281
1723364949226 0.7933051052846407 282
1723364956026 0.7826196112130818 283
1723364962884 0.846547079713721 284
1723364969760 0.8213543562512648 285
1723364976590 0.8385018941603208 286
1723364983236 0.7664989201646102 287
1723364989949 0.8157574220707542 288
1723364996881 0.8044091055267736 289
1723365004513 0.7665606078348661 290
1723365011399 0.7648178903680098 291
1723365018035 0.7702377485601526 292
1723365024820 0.7530599471769834 293
1723365031518 0.762442105694821 294
1723365039090 0.7843295461253116 295
1723365046075 0.8557894669081035 296
1723365052891 0.7639023912580389 297
1723365059683 0.7820298750149576 298
1723365066407 0.8398096184981497 299
