1723362995843 1.0000000000000002e-06 0
1723363002574 1.0000000000000002e-06 1
1723363009858 2.5799999999999987e-05 2
1723363017981 5.060000000000002e-05 3
1723363025291 7.539999999999999e-05 4
1723363032173 0.00010019999999999996 5
1723363039657 0.00012492119824838798 6
1723363046674 0.0001248865368846256 7
1723363055126 0.00012484558244040637 8
1723363061927 0.00012479833940684653 9
1723363069087 0.0001247448129646771 10
1723363075933 0.00012468500898367573 11
1723363083363 0.00012461893402202282 12
1723363091243 0.0001245465953255825 13
1723363098052 0.00012446800082710802 14
1723363105523 0.00012438315914537184 15
1723363112272 0.00012429207958422048 16
1723363118853 0.00012419477213155406 17
1723363125499 0.00012409124745823137 18
1723363132590 0.00012398151691689962 19
1723363139242 0.00012386559254074902 20
1723363146887 0.00012374348704219384 21
1723363153510 0.000123615213811478 22
1723363160223 0.0001234807869152067 23
1723363167928 0.00012334022109480408 24
1723363174665 0.00012319353176489623 25
1723363181600 0.00012304073501162146 26
1723363188208 0.0001228818475908654 27
1723363194842 0.00012271688692642424 28
1723363201410 0.00012254587110809386 29
1723363209022 0.00012236881888968594 30
1723363215918 0.00012218574968697133 31
1723363222559 0.00012199668357555124 32
1723363229017 0.00012180164128865519 33
1723363235767 0.00012160064421486798 34
1723363243823 0.00012139371439578383 35
1723363250368 0.00012118087452358917 36
1723363257211 0.00012096214793857447 37
1723363264013 0.00012073755862657475 38
1723363270523 0.00012050713121633877 39
1723363277431 0.00012027089097682892 40
1723363285165 0.00012002886381444955 41
1723363291916 0.00011978107627020648 42
1723363298653 0.00011952755551679613 43
1723363305535 0.00011926832935562614 44
1723363312122 0.00011900342621376626 45
1723363319529 0.00011873287514083117 46
1723363326324 0.00011845670580579478 47
1723363332802 0.00011817494849373705 48
1723363339295 0.00011788763410252216 49
1723363346026 0.00011759479413941089 50
1723363353837 0.0001172964607176052 51
1723363360611 0.00011699266655272683 52
1723363367444 0.00011668344495922915 53
1723363374126 0.00011636882984674467 54
1723363380798 0.0001160488557163659 55
1723363387586 0.00011572355765686192 56
1723363394838 0.00011539297134083071 57
1723363401512 0.00011505713302078728 58
1723363408422 0.00011471607952518801 59
1723363415268 0.00011436984825439183 60
1723363421967 0.00011401847717655953 61
1723363429926 0.00011366200482348906 62
1723363436541 0.00011330047028639124 63
1723363443333 0.00011293391321160219 64
1723363450031 0.0001125623737962358 65
1723363456750 0.00011218589278377585 66
1723363465201 0.00011180451145960785 67
1723363472068 0.000111418271646492 68
1723363478784 0.00011102721569997602 69
1723363485601 0.00011063138650375141 70
1723363492532 0.00011023082746495012 71
1723363500087 0.00010982558250938474 72
1723363507000 0.00010941569607673123 73
1723363513736 0.00010900121311565583 74
1723363520662 0.00010858217907888617 75
1723363527572 0.00010815863991822644 76
1723363534573 0.00010773064207951855 77
1723363541475 0.00010729823249754838 78
1723363548376 0.00010686145859089962 79
1723363555101 0.00010642036825675304 80
1723363561781 0.0001059750098656343 81
1723363568641 0.00010552543225610999 82
1723363576290 0.0001050716847294311 83
1723363583123 0.00010461381704412716 84
1723363590070 0.00010415187941054963 85
1723363596901 0.0001036859224853657 86
1723363603863 0.0001032159973660029 87
1723363611483 0.0001027421555850462 88
1723363618009 0.00010226444910458656 89
1723363624889 0.00010178293031052294 90
1723363631854 0.0001012976520068172 91
1723363638786 0.00010080866740970407 92
1723363645583 0.0001003160301418548 93
1723363652654 9.981979422649756e-05 94
1723363659534 9.932001408149224e-05 95
1723363666306 9.881674451336403e-05 96
1723363673278 9.83100407112923e-05 97
1723363680287 9.779995824105897e-05 98
1723363688136 9.728655303895497e-05 99
1723363694575 9.676988140564638e-05 100
1723363701051 9.625e-05 101
1723363707838 9.572696583287063e-05 102
1723363714692 9.520083626084865e-05 103
1723363721506 9.467166897997058e-05 104
1723363728788 9.41395220193921e-05 105
1723363735648 9.360445373502391e-05 106
1723363742366 9.306652280313335e-05 107
1723363749012 9.252578821390884e-05 108
1723363755761 9.198230926499167e-05 109
1723363763574 9.143614555497309e-05 110
1723363770162 9.088735697685849e-05 111
1723363776904 9.033600371149991e-05 112
1723363783695 8.97821462209959e-05 113
1723363790667 8.92258452420619e-05 114
1723363798226 8.866716177936896e-05 115
1723363804990 8.810615709885472e-05 116
1723363811842 8.75428927210044e-05 117
1723363818402 8.697743041410428e-05 118
1723363825235 8.640983218746857e-05 119
1723363832116 8.584016028463905e-05 120
1723363838904 8.526847717655945e-05 121
1723363845507 8.469484555472496e-05 122
1723363852197 8.411932832430711e-05 123
1723363858980 8.354198859725567e-05 124
1723363865893 8.296288968537773e-05 125
1723363873535 8.238209509339496e-05 126
1723363879993 8.179966851197911e-05 127
1723363886689 8.12156738107684e-05 128
1723363893419 8.063017503136267e-05 129
1723363899958 8.004323638030124e-05 130
1723363907051 7.945492222202119e-05 131
1723363914031 7.886529707179973e-05 132
1723363920821 7.827442558867921e-05 133
1723363927597 7.768237256837605e-05 134
1723363934610 7.70892029361759e-05 135
1723363941621 7.649498173981325e-05 136
1723363948633 7.589977414233869e-05 137
1723363955981 7.530364541497249e-05 138
1723363962681 7.470666092994746e-05 139
1723363969486 7.410888615333982e-05 140
1723363976531 7.351038663789007e-05 141
1723363983726 7.291122801581457e-05 142
1723363990441 7.231147599160814e-05 143
1723363997443 7.171119633483885e-05 144
1723364004314 7.111045487293552e-05 145
1723364011073 7.050931748396929e-05 146
1723364018176 6.9907850089429e-05 147
1723364024869 6.930611864699237e-05 148
1723364031605 6.870418914329301e-05 149
1723364038211 6.810212758668414e-05 150
1723364045146 6.75e-05 151
1723364053066 6.689787241331587e-05 152
1723364059932 6.6295810856707e-05 153
1723364066482 6.569388135300762e-05 154
1723364073475 6.509214991057102e-05 155
1723364080201 6.449068251603071e-05 156
1723364087115 6.38895451270645e-05 157
1723364094016 6.32888036651612e-05 158
1723364100816 6.268852400839186e-05 159
1723364107651 6.208877198418543e-05 160
1723364114560 6.148961336210994e-05 161
1723364121443 6.089111384666018e-05 162
1723364128416 6.029333907005251e-05 163
1723364135170 5.969635458502751e-05 164
1723364141939 5.910022585766134e-05 165
1723364148577 5.8505018260186714e-05 166
1723364155312 5.7910797063824095e-05 167
1723364162515 5.731762743162397e-05 168
1723364169396 5.672557441132082e-05 169
1723364176210 5.6134702928200254e-05 170
1723364182997 5.554507777797886e-05 171
1723364189719 5.495676361969881e-05 172
1723364197868 5.43698249686373e-05 173
1723364204622 5.378432618923162e-05 174
1723364211315 5.320033148802085e-05 175
1723364218008 5.261790490660507e-05 176
1723364225202 5.203711031462224e-05 177
1723364232869 5.1458011402744316e-05 178
1723364239669 5.0880671675692856e-05 179
1723364246394 5.0305154445275e-05 180
1723364253279 4.97315228234405e-05 181
1723364260154 4.915983971536097e-05 182
1723364267257 4.859016781253148e-05 183
1723364274363 4.8022569585895724e-05 184
1723364281197 4.7457107278995654e-05 185
1723364288029 4.689384290114525e-05 186
1723364294742 4.633283822063101e-05 187
1723364301562 4.577415475793815e-05 188
1723364308475 4.521785377900407e-05 189
1723364315260 4.466399628850009e-05 190
1723364322043 4.411264302314148e-05 191
1723364328518 4.3563854445026935e-05 192
1723364335090 4.30176907350083e-05 193
1723364342986 4.247421178609118e-05 194
1723364349833 4.1933477196866704e-05 195
1723364356562 4.139554626497605e-05 196
1723364363389 4.086047798060798e-05 197
1723364370077 4.032833102002939e-05 198
1723364378121 3.979916373915135e-05 199
1723364384843 3.927303416712942e-05 200
1723364391667 3.874999999999997e-05 201
1723364398590 3.8230118594353635e-05 202
1723364405211 3.7713446961045015e-05 203
1723364412008 3.7200041758941055e-05 204
1723364419114 3.6689959288707715e-05 205
1723364425951 3.618325548663596e-05 206
1723364432560 3.567998591850772e-05 207
1723364439023 3.5180205773502504e-05 208
1723364445782 3.4683969858145176e-05 209
1723364453547 3.419133259029595e-05 210
1723364460124 3.37023479931828e-05 211
1723364466980 3.321706968947709e-05 212
1723364473705 3.2735550895413465e-05 213
1723364480241 3.2257844414953874e-05 214
1723364488132 3.178400263399716e-05 215
1723364495028 3.131407751463435e-05 216
1723364501822 3.084812058945034e-05 217
1723364508697 3.038618295587286e-05 218
1723364515600 2.9928315270568968e-05 219
1723364522516 2.9474567743890017e-05 220
1723364529655 2.9024990134365656e-05 221
1723364536517 2.857963174324701e-05 222
1723364543268 2.813854140910041e-05 223
1723364550027 2.7701767502451616e-05 224
1723364556877 2.726935792048147e-05 225
1723364564430 2.6841360081773524e-05 226
1723364570830 2.641782092111383e-05 227
1723364577684 2.599878688434419e-05 228
1723364584482 2.5584303923268857e-05 229
1723364591289 2.5174417490615304e-05 230
1723364599219 2.4769172535049835e-05 231
1723364605980 2.4368613496248575e-05 232
1723364612623 2.3972784300024008e-05 233
1723364619087 2.358172835350808e-05 234
1723364625852 2.3195488540392118e-05 235
1723364632641 2.2814107216224182e-05 236
1723364639813 2.2437626203764226e-05 237
1723364646612 2.2066086788397814e-05 238
1723364653503 2.1699529713608718e-05 239
1723364660263 2.1337995176510927e-05 240
1723364667022 2.098152282344052e-05 241
1723364674776 2.063015174560814e-05 242
1723364681558 2.0283920474812012e-05 243
1723364688082 1.9942866979212695e-05 244
1723364694823 1.960702865916928e-05 245
1723364701750 1.9276442343138125e-05 246
1723364709647 1.895114428363414e-05 247
1723364716299 1.863117015325533e-05 248
1723364723035 1.8316555040770874e-05 249
1723364729897 1.8007333447273254e-05 250
1723364736634 1.7703539282394785e-05 251
1723364743449 1.7405205860589107e-05 252
1723364750719 1.711236589747785e-05 253
1723364757649 1.682505150626295e-05 254
1723364764436 1.6543294194205158e-05 255
1723364771014 1.6267124859168854e-05 256
1723364777458 1.599657378623377e-05 257
1723364785011 1.5731670644373865e-05 258
1723364791821 1.547244448320389e-05 259
1723364798494 1.5218923729793562e-05 260
1723364805311 1.4971136185550461e-05 261
1723364811919 1.47291090231711e-05 262
1723364819766 1.4492868783661216e-05 263
1723364826693 1.42624413734253e-05 264
1723364833187 1.4037852061425545e-05 265
1723364840165 1.3819125476410897e-05 266
1723364846852 1.3606285604216244e-05 267
1723364853434 1.3399355785132031e-05 268
1723364860759 1.3198358711344846e-05 269
1723364867453 1.300331642444883e-05 270
1723364874091 1.2814250313028675e-05 271
1723364880774 1.2631181110314086e-05 272
1723364887352 1.2454128891906139e-05 273
1723364895323 1.228311307357577e-05 274
1723364902043 1.2118152409134663e-05 275
1723364908782 1.195926498837857e-05 276
1723364915507 1.1806468235103714e-05 277
1723364922136 1.1659778905195928e-05 278
1723364929002 1.1519213084793284e-05 279
1723364935860 1.1384786188522026e-05 280
1723364942625 1.1256512957806182e-05 281
1723364949224 1.1134407459251004e-05 282
1723364956024 1.101848308310041e-05 283
1723364962881 1.0908752541768597e-05 284
1723364969758 1.0805227868445967e-05 285
1723364976588 1.0707920415779582e-05 286
1723364983235 1.0616840854628169e-05 287
1723364989946 1.0531999172891999e-05 288
1723364996880 1.0453404674417534e-05 289
1723365004511 1.038106597797721e-05 290
1723365011397 1.031499101632429e-05 291
1723365018031 1.0255187035322906e-05 292
1723365024819 1.0201660593153497e-05 293
1723365031517 1.0154417559593659e-05 294
1723365039089 1.0113463115374384e-05 295
1723365046074 1.0078801751612003e-05 296
1723365052890 1.0050437269315644e-05 297
1723365059681 1.0028372778970433e-05 298
1723365066406 1.0012610700196385e-05 299
