1723384641797 0.0 0
1723384660199 1.0 1
1723384679293 2.0 2
1723384698133 3.0 3
1723384716267 4.0 4
1723384735238 5.0 5
1723384753660 6.0 6
1723384771726 7.0 7
1723384789884 8.0 8
1723384807962 9.0 9
1723384826000 10.0 10
1723384844697 11.0 11
1723384862647 12.0 12
1723384880585 13.0 13
1723384898591 14.0 14
1723384916614 15.0 15
1723384935166 16.0 16
1723384953357 17.0 17
1723384971271 18.0 18
1723384989267 19.0 19
1723385007135 20.0 20
1723385025074 21.0 21
1723385042946 22.0 22
1723385060888 23.0 23
1723385079351 24.0 24
1723385097885 25.0 25
1723385116534 26.0 26
1723385134707 27.0 27
1723385152653 28.0 28
1723385170742 29.0 29
1723385188694 30.0 30
1723385206596 31.0 31
1723385224628 32.0 32
1723385242521 33.0 33
1723385260786 34.0 34
1723385278913 35.0 35
1723385297074 36.0 36
1723385315945 37.0 37
1723385334418 38.0 38
1723385352799 39.0 39
1723385370967 40.0 40
1723385389110 41.0 41
1723385408183 42.0 42
1723385426335 43.0 43
1723385444424 44.0 44
