1723384641798 25618566.0 0
1723384660200 25618566.0 1
1723384679293 25618566.0 2
1723384698133 25618566.0 3
1723384716268 25618566.0 4
1723384735239 25618566.0 5
1723384753660 25618566.0 6
1723384771727 25618566.0 7
1723384789885 25618566.0 8
1723384807963 25618566.0 9
1723384826001 25618566.0 10
1723384844701 25618566.0 11
1723384862648 25618566.0 12
1723384880586 25618566.0 13
1723384898592 25618566.0 14
1723384916615 25618566.0 15
1723384935167 25618566.0 16
1723384953357 25618566.0 17
1723384971272 25618566.0 18
1723384989268 25618566.0 19
1723385007136 25618566.0 20
1723385025074 25618566.0 21
1723385042946 25618566.0 22
1723385060888 25618566.0 23
1723385079352 25618566.0 24
1723385097886 25618566.0 25
1723385116535 25618566.0 26
1723385134708 25618566.0 27
1723385152654 25618566.0 28
1723385170743 25618566.0 29
1723385188695 25618566.0 30
1723385206597 25618566.0 31
1723385224629 25618566.0 32
1723385242522 25618566.0 33
1723385260787 25618566.0 34
1723385278914 25618566.0 35
1723385297075 25618566.0 36
1723385315946 25618566.0 37
1723385334419 25618566.0 38
1723385352800 25618566.0 39
1723385370967 25618566.0 40
1723385389111 25618566.0 41
1723385408184 25618566.0 42
1723385426336 25618566.0 43
1723385444425 25618566.0 44
