1723384641791 1.000000000000001e-05 0
1723384660194 1.000000000000001e-05 1
1723384679288 8.062500000000003e-06 2
1723384698128 6.125000000000001e-06 3
1723384716263 4.187500000000003e-06 4
1723384735233 2.2500000000000005e-06 5
1723384753654 3.27431664730162e-07 6
1723384771722 3.3399673395383153e-07 7
1723384789878 3.4175162201397425e-07 8
1723384807956 3.506944155079975e-07 9
1723384825994 3.608229079354244e-07 10
1723384844692 3.721346002423026e-07 11
1723384862641 3.846267014378151e-07 12
1723384880580 3.9829612928291483e-07 13
1723384898586 4.131395110508229e-07 14
1723384916610 4.2915318435919317e-07 15
1723384935162 4.463331980737552e-07 16
1723384953352 4.646753132831933e-07 17
1723384971267 4.841750043450413e-07 18
1723384989261 5.048274600023069e-07 19
1723385007130 5.266275845705896e-07 20
1723385025068 5.495699991953507e-07 21
1723385042941 5.73649043179078e-07 22
1723385060883 5.988587753779698e-07 23
1723385079347 6.251929756678296e-07 24
1723385097881 6.526451464787841e-07 25
1723385116530 6.81208514398455e-07 26
1723385134702 7.108760318432167e-07 27
1723385152648 7.416403787970635e-07 28
1723385170737 7.734939646177183e-07 29
1723385188688 8.064289299095201e-07 30
1723385206590 8.404371484625953e-07 31
1723385224623 8.75510229257892e-07 32
1723385242516 9.116395185375376e-07 33
1723385260781 9.488161019400118e-07 34
1723385278907 9.870308066996486e-07 35
1723385297070 1.0262742039098656e-06 36
1723385315941 1.066536610849614e-06 37
1723385334413 1.1078080933724406e-06 38
1723385352795 1.1500784683575924e-06 39
1723385370961 1.1933373062225442e-06 40
1723385389103 1.2375739334963499e-06 41
1723385408178 1.2827774354531571e-06 42
1723385426331 1.328936658805251e-06 43
1723385444420 1.3760402144549645e-06 44
