1723384641793 1.6812634248482554 0
1723384660196 1.5200897172877663 1
1723384679290 1.377237988145728 2
1723384698130 1.2555849348243915 3
1723384716264 1.2177066206932068 4
1723384735235 1.1588819858274961 5
1723384753656 1.083896811071195 6
1723384771723 1.1447866747253819 7
1723384789880 1.2107844180182408 8
1723384807958 1.1499248256808834 9
1723384825996 1.1476146327821832 10
1723384844693 1.1561470941493386 11
1723384862643 1.0964239427917881 12
1723384880581 1.1776471357596547 13
1723384898587 1.1879182536351054 14
1723384916611 1.1512222117499302 15
1723384935163 1.1464964700372595 16
1723384953354 1.1067681077279543 17
1723384971268 1.095570627011751 18
1723384989263 1.1564889440411015 19
1723385007132 1.121256759292201 20
1723385025070 1.0520970319446765 21
1723385042943 1.1089073325458325 22
1723385060885 1.0557447107214677 23
1723385079349 1.1135060379379673 24
1723385097882 1.1395136478700136 25
1723385116531 1.099056733281989 26
1723385134703 1.1522047190289748 27
1723385152649 1.06472195292774 28
1723385170739 1.1422660868418844 29
1723385188690 1.1173342152645713 30
1723385206592 1.136294844903444 31
1723385224625 1.0717247850016545 32
1723385242517 1.1645693810362565 33
1723385260783 1.0505167575258958 34
1723385278909 1.1453818176922046 35
1723385297071 1.133772057922263 36
1723385315943 1.0983514613226841 37
1723385334415 1.0159809040395837 38
1723385352796 1.0634658383695703 39
1723385370963 1.072126567363739 40
1723385389105 1.0429632287276418 41
1723385408179 1.1061438353438127 42
1723385426332 0.9489781903593164 43
1723385444421 1.0792057749472166 44
