1723383325975 0.0 0
1723383344158 1.0 1
1723383362620 2.0 2
1723383381041 3.0 3
1723383398860 4.0 4
1723383417508 5.0 5
1723383435237 6.0 6
1723383453017 7.0 7
1723383471030 8.0 8
1723383489011 9.0 9
1723383507485 10.0 10
1723383525465 11.0 11
1723383543580 12.0 12
1723383561521 13.0 13
1723383579372 14.0 14
1723383597216 15.0 15
1723383615622 16.0 16
1723383633619 17.0 17
1723383651335 18.0 18
1723383669291 19.0 19
1723383687190 20.0 20
1723383705741 21.0 21
1723383724461 22.0 22
1723383742996 23.0 23
1723383760909 24.0 24
1723383778929 25.0 25
1723383796977 26.0 26
1723383814861 27.0 27
1723383832756 28.0 28
1723383851346 29.0 29
