1723383325976 25618566.0 0
1723383344159 25618566.0 1
1723383362621 25618566.0 2
1723383381042 25618566.0 3
1723383398861 25618566.0 4
1723383417509 25618566.0 5
1723383435237 25618566.0 6
1723383453018 25618566.0 7
1723383471031 25618566.0 8
1723383489011 25618566.0 9
1723383507486 25618566.0 10
1723383525466 25618566.0 11
1723383543581 25618566.0 12
1723383561522 25618566.0 13
1723383579373 25618566.0 14
1723383597216 25618566.0 15
1723383615623 25618566.0 16
1723383633620 25618566.0 17
1723383651336 25618566.0 18
1723383669291 25618566.0 19
1723383687190 25618566.0 20
1723383705742 25618566.0 21
1723383724462 25618566.0 22
1723383742997 25618566.0 23
1723383760910 25618566.0 24
1723383778930 25618566.0 25
1723383796978 25618566.0 26
1723383814861 25618566.0 27
1723383832757 25618566.0 28
1723383851347 25618566.0 29
