1723383325970 1.000000000000001e-05 0
1723383344154 1.000000000000001e-05 1
1723383362616 8.062500000000003e-06 2
1723383381036 6.125000000000001e-06 3
1723383398853 4.187500000000003e-06 4
1723383417504 2.2500000000000005e-06 5
1723383435231 9.614394504191244e-07 6
1723383453012 1.2375739334963499e-06 7
1723383471024 1.5566422515938712e-06 8
1723383489006 1.9151486254492804e-06 9
1723383507479 2.3091651842083334e-06 10
1723383525459 2.7343749999999983e-06 11
1723383543574 3.1861193851015938e-06 12
1723383561517 3.659448933496349e-06 13
1723383579367 4.14917774760148e-06 14
1723383597211 4.649940256047302e-06 15
1723383615618 5.156250000000004e-06 16
1723383633614 5.6625597439526935e-06 17
1723383651330 6.16332225239852e-06 18
1723383669286 6.653051066503645e-06 19
1723383687185 7.126380614898411e-06 20
1723383705736 7.578124999999995e-06 21
1723383724456 8.003334815791658e-06 22
1723383742992 8.397351374550711e-06 23
1723383760900 8.755857748406131e-06 24
1723383778924 9.074926066503656e-06 25
1723383796972 9.35106054958087e-06 26
1723383814856 9.581235810456345e-06 27
1723383832751 9.762930000804647e-06 28
1723383851341 9.894152441054377e-06 29
