1723383325972 1.6812115625331276 0
1723383344155 1.4956055032579523 1
1723383362617 1.3593749090244895 2
1723383381037 1.247357765310689 3
1723383398855 1.2127480836291062 4
1723383417505 1.1461228963575865 5
1723383435233 1.0665582606666966 6
1723383453013 1.1277829141993272 7
1723383471025 1.1959851274364872 8
1723383489008 1.1274850509668652 9
1723383507481 1.111851449075498 10
1723383525461 1.1213719625222056 11
1723383543576 1.0459369891568233 12
1723383561518 1.1213210381959613 13
1723383579368 1.1250109374523163 14
1723383597213 1.0784495519964319 15
1723383615619 1.0856469336308932 16
1723383633616 1.0225353837013245 17
1723383651331 1.0009484918493974 18
1723383669288 1.0862701033291065 19
1723383687187 1.0379287929911363 20
1723383705737 0.9389788398617193 21
1723383724458 1.0233146312989687 22
1723383742993 0.9406699632343493 23
1723383760902 0.9923177879107626 24
1723383778926 1.0171304862750203 25
1723383796974 0.9869435806023447 26
1723383814858 1.040362193396217 27
1723383832753 0.9294041144220453 28
1723383851343 1.0187788056699854 29
