1723383929705 0.0 0
1723383948240 1.0 1
1723383966809 2.0 2
1723383985363 3.0 3
1723384004090 4.0 4
1723384022725 5.0 5
1723384041106 6.0 6
1723384059106 7.0 7
1723384076910 8.0 8
1723384094778 9.0 9
1723384113427 10.0 10
1723384131898 11.0 11
1723384149792 12.0 12
1723384167654 13.0 13
1723384185688 14.0 14
1723384203722 15.0 15
1723384222147 16.0 16
1723384240589 17.0 17
1723384258472 18.0 18
1723384276369 19.0 19
1723384294761 20.0 20
1723384312575 21.0 21
1723384330503 22.0 22
1723384349186 23.0 23
1723384367105 24.0 24
1723384385045 25.0 25
1723384403061 26.0 26
1723384420951 27.0 27
1723384439022 28.0 28
1723384456916 29.0 29
