1723383929706 25618566.0 0
1723383948241 25618566.0 1
1723383966809 25618566.0 2
1723383985363 25618566.0 3
1723384004091 25618566.0 4
1723384022726 25618566.0 5
1723384041107 25618566.0 6
1723384059106 25618566.0 7
1723384076911 25618566.0 8
1723384094779 25618566.0 9
1723384113428 25618566.0 10
1723384131899 25618566.0 11
1723384149793 25618566.0 12
1723384167655 25618566.0 13
1723384185689 25618566.0 14
1723384203722 25618566.0 15
1723384222147 25618566.0 16
1723384240589 25618566.0 17
1723384258473 25618566.0 18
1723384276370 25618566.0 19
1723384294762 25618566.0 20
1723384312576 25618566.0 21
1723384330503 25618566.0 22
1723384349187 25618566.0 23
1723384367106 25618566.0 24
1723384385046 25618566.0 25
1723384403062 25618566.0 26
1723384420952 25618566.0 27
1723384439023 25618566.0 28
1723384456916 25618566.0 29
