1723383929700 1.000000000000001e-05 0
1723383948236 1.000000000000001e-05 1
1723383966804 8.062500000000003e-06 2
1723383985358 6.125000000000001e-06 3
1723384004085 4.187500000000003e-06 4
1723384022720 2.2500000000000005e-06 5
1723384041102 9.614394504191244e-07 6
1723384059100 1.2375739334963499e-06 7
1723384076905 1.5566422515938712e-06 8
1723384094773 1.9151486254492804e-06 9
1723384113422 2.3091651842083334e-06 10
1723384131894 2.7343749999999983e-06 11
1723384149788 3.1861193851015938e-06 12
1723384167649 3.659448933496349e-06 13
1723384185684 4.14917774760148e-06 14
1723384203717 4.649940256047302e-06 15
1723384222142 5.156250000000004e-06 16
1723384240584 5.6625597439526935e-06 17
1723384258466 6.16332225239852e-06 18
1723384276365 6.653051066503645e-06 19
1723384294757 7.126380614898411e-06 20
1723384312570 7.578124999999995e-06 21
1723384330497 8.003334815791658e-06 22
1723384349181 8.397351374550711e-06 23
1723384367101 8.755857748406131e-06 24
1723384385040 9.074926066503656e-06 25
1723384403056 9.35106054958087e-06 26
1723384420946 9.581235810456345e-06 27
1723384439018 9.762930000804647e-06 28
1723384456911 9.894152441054377e-06 29
