1723383929702 1.6868907589661448 0
1723383948237 1.503630889089484 1
1723383966806 1.3729303918386762 2
1723383985360 1.2501528247406608 3
1723384004087 1.217042957481585 4
1723384022721 1.1545727362758236 5
1723384041103 1.0726342436514402 6
1723384059102 1.1363422243218673 7
1723384076907 1.203000490602694 8
1723384094775 1.1353409070717662 9
1723384113424 1.1204128328122591 10
1723384131895 1.1256729474193172 11
1723384149789 1.0557023600528115 12
1723384167650 1.1226499174770557 13
1723384185685 1.126009109773134 14
1723384203719 1.0856166325117413 15
1723384222144 1.0843320677154942 16
1723384240586 1.0266030775873285 17
1723384258468 1.0023451761195534 18
1723384276366 1.0856666659054004 19
1723384294759 1.0372770789422487 20
1723384312571 0.9344074035945692 21
1723384330499 1.0115446762034768 22
1723384349183 0.9440141908432308 23
1723384367102 0.9930691201435892 24
1723384385042 1.017830784383573 25
1723384403057 0.9832353803672289 26
1723384420947 1.0429344757607109 27
1723384439019 0.9279209281268873 28
1723384456913 1.0194300797424818 29
