1723385521377 0.0 0
1723385540324 1.0 1
1723385559809 2.0 2
1723385579061 3.0 3
1723385599052 4.0 4
1723385618283 5.0 5
1723385636706 6.0 6
1723385655167 7.0 7
1723385674440 8.0 8
1723385692924 9.0 9
1723385711368 10.0 10
1723385730542 11.0 11
1723385749349 12.0 12
1723385767921 13.0 13
1723385786354 14.0 14
1723385805195 15.0 15
1723385823704 16.0 16
1723385843507 17.0 17
1723385862211 18.0 18
1723385880773 19.0 19
1723385899052 20.0 20
1723385917494 21.0 21
1723385936016 22.0 22
1723385954504 23.0 23
1723385972534 24.0 24
1723385990721 25.0 25
1723386008782 26.0 26
1723386027267 27.0 27
1723386045442 28.0 28
1723386064353 29.0 29
1723386083089 30.0 30
1723386102331 31.0 31
1723386121570 32.0 32
1723386140159 33.0 33
1723386158337 34.0 34
1723386176659 35.0 35
1723386194665 36.0 36
1723386212994 37.0 37
1723386231392 38.0 38
1723386249903 39.0 39
1723386267893 40.0 40
1723386286925 41.0 41
1723386305553 42.0 42
1723386324613 43.0 43
1723386343205 44.0 44
1723386361339 45.0 45
1723386380073 46.0 46
1723386399005 47.0 47
1723386417400 48.0 48
1723386436239 49.0 49
1723386454644 50.0 50
1723386473598 51.0 51
1723386491817 52.0 52
1723386509966 53.0 53
1723386528133 54.0 54
1723386546745 55.0 55
1723386564922 56.0 56
1723386583455 57.0 57
1723386602228 58.0 58
1723386620606 59.0 59
1723386639086 60.0 60
1723386657234 61.0 61
1723386675902 62.0 62
1723386694086 63.0 63
1723386713609 64.0 64
1723386732136 65.0 65
1723386750786 66.0 66
1723386768943 67.0 67
1723386787642 68.0 68
1723386805835 69.0 69
1723386824282 70.0 70
1723386842461 71.0 71
1723386861115 72.0 72
1723386879575 73.0 73
1723386897921 74.0 74
1723386916146 75.0 75
1723386934746 76.0 76
1723386953126 77.0 77
1723386971936 78.0 78
1723386990744 79.0 79
1723387009190 80.0 80
1723387027572 81.0 81
1723387045796 82.0 82
1723387064115 83.0 83
1723387082640 84.0 84
1723387100831 85.0 85
1723387119154 86.0 86
1723387137758 87.0 87
1723387156158 88.0 88
1723387174590 89.0 89
1723387192835 90.0 90
1723387211310 91.0 91
1723387229629 92.0 92
1723387248097 93.0 93
1723387266250 94.0 94
1723387284517 95.0 95
1723387302618 96.0 96
1723387320923 97.0 97
1723387339821 98.0 98
1723387357985 99.0 99
1723387376180 100.0 100
1723387394481 101.0 101
1723387412994 102.0 102
1723387431431 103.0 103
1723387450116 104.0 104
1723387468346 105.0 105
1723387486732 106.0 106
1723387505084 107.0 107
1723387523538 108.0 108
1723387541771 109.0 109
1723387560161 110.0 110
1723387578286 111.0 111
1723387596590 112.0 112
1723387614821 113.0 113
1723387633715 114.0 114
1723387653574 115.0 115
1723387671943 116.0 116
1723387690325 117.0 117
1723387708498 118.0 118
1723387726720 119.0 119
1723387744850 120.0 120
1723387763285 121.0 121
1723387781627 122.0 122
1723387800069 123.0 123
1723387818560 124.0 124
1723387837167 125.0 125
1723387855528 126.0 126
1723387874050 127.0 127
1723387892494 128.0 128
1723387910844 129.0 129
1723387929060 130.0 130
1723387947578 131.0 131
1723387966590 132.0 132
1723387985153 133.0 133
1723388003621 134.0 134
1723388021941 135.0 135
1723388040940 136.0 136
1723388059401 137.0 137
1723388077841 138.0 138
1723388096139 139.0 139
1723388114666 140.0 140
1723388133196 141.0 141
1723388151645 142.0 142
1723388169869 143.0 143
1723388188338 144.0 144
1723388206455 145.0 145
1723388225288 146.0 146
1723388244304 147.0 147
1723388262893 148.0 148
1723388281214 149.0 149
1723388299716 150.0 150
1723388318396 151.0 151
1723388336931 152.0 152
1723388355688 153.0 153
1723388373980 154.0 154
1723388392292 155.0 155
1723388410349 156.0 156
1723388428747 157.0 157
1723388447362 158.0 158
1723388466005 159.0 159
1723388484269 160.0 160
1723388502967 161.0 161
1723388521524 162.0 162
1723388539771 163.0 163
1723388559245 164.0 164
1723388577511 165.0 165
1723388595818 166.0 166
1723388614048 167.0 167
1723388632815 168.0 168
1723388651121 169.0 169
1723388669584 170.0 170
1723388688005 171.0 171
1723388706525 172.0 172
1723388725206 173.0 173
1723388743822 174.0 174
1723388761970 175.0 175
1723388780041 176.0 176
1723388798545 177.0 177
1723388817514 178.0 178
1723388836536 179.0 179
1723388854679 180.0 180
1723388873287 181.0 181
1723388891548 182.0 182
1723388909741 183.0 183
1723388928202 184.0 184
1723388946560 185.0 185
1723388964996 186.0 186
1723388983370 187.0 187
1723389001983 188.0 188
1723389020509 189.0 189
1723389039044 190.0 190
1723389057652 191.0 191
1723389076136 192.0 192
1723389094888 193.0 193
1723389113290 194.0 194
1723389131880 195.0 195
1723389150329 196.0 196
1723389168801 197.0 197
1723389186954 198.0 198
1723389205406 199.0 199
