1723385521378 25618566.0 0
1723385540325 25618566.0 1
1723385559810 25618566.0 2
1723385579061 25618566.0 3
1723385599053 25618566.0 4
1723385618284 25618566.0 5
1723385636707 25618566.0 6
1723385655167 25618566.0 7
1723385674441 25618566.0 8
1723385692925 25618566.0 9
1723385711369 25618566.0 10
1723385730543 25618566.0 11
1723385749350 25618566.0 12
1723385767922 25618566.0 13
1723385786355 25618566.0 14
1723385805197 25618566.0 15
1723385823705 25618566.0 16
1723385843508 25618566.0 17
1723385862212 25618566.0 18
1723385880774 25618566.0 19
1723385899053 25618566.0 20
1723385917495 25618566.0 21
1723385936017 25618566.0 22
1723385954505 25618566.0 23
1723385972535 25618566.0 24
1723385990721 25618566.0 25
1723386008783 25618566.0 26
1723386027268 25618566.0 27
1723386045443 25618566.0 28
1723386064354 25618566.0 29
1723386083095 25618566.0 30
1723386102332 25618566.0 31
1723386121571 25618566.0 32
1723386140160 25618566.0 33
1723386158338 25618566.0 34
1723386176660 25618566.0 35
1723386194667 25618566.0 36
1723386212995 25618566.0 37
1723386231392 25618566.0 38
1723386249903 25618566.0 39
1723386267894 25618566.0 40
1723386286926 25618566.0 41
1723386305554 25618566.0 42
1723386324613 25618566.0 43
1723386343206 25618566.0 44
1723386361340 25618566.0 45
1723386380073 25618566.0 46
1723386399006 25618566.0 47
1723386417401 25618566.0 48
1723386436240 25618566.0 49
1723386454645 25618566.0 50
1723386473599 25618566.0 51
1723386491817 25618566.0 52
1723386509967 25618566.0 53
1723386528135 25618566.0 54
1723386546745 25618566.0 55
1723386564923 25618566.0 56
1723386583456 25618566.0 57
1723386602229 25618566.0 58
1723386620607 25618566.0 59
1723386639087 25618566.0 60
1723386657235 25618566.0 61
1723386675903 25618566.0 62
1723386694087 25618566.0 63
1723386713610 25618566.0 64
1723386732137 25618566.0 65
1723386750786 25618566.0 66
1723386768944 25618566.0 67
1723386787643 25618566.0 68
1723386805836 25618566.0 69
1723386824283 25618566.0 70
1723386842462 25618566.0 71
1723386861116 25618566.0 72
1723386879575 25618566.0 73
1723386897921 25618566.0 74
1723386916147 25618566.0 75
1723386934747 25618566.0 76
1723386953127 25618566.0 77
1723386971936 25618566.0 78
1723386990745 25618566.0 79
1723387009191 25618566.0 80
1723387027573 25618566.0 81
1723387045797 25618566.0 82
1723387064116 25618566.0 83
1723387082641 25618566.0 84
1723387100832 25618566.0 85
1723387119155 25618566.0 86
1723387137758 25618566.0 87
1723387156159 25618566.0 88
1723387174590 25618566.0 89
1723387192835 25618566.0 90
1723387211311 25618566.0 91
1723387229630 25618566.0 92
1723387248098 25618566.0 93
1723387266251 25618566.0 94
1723387284518 25618566.0 95
1723387302619 25618566.0 96
1723387320924 25618566.0 97
1723387339822 25618566.0 98
1723387357986 25618566.0 99
1723387376181 25618566.0 100
1723387394482 25618566.0 101
1723387412995 25618566.0 102
1723387431432 25618566.0 103
1723387450117 25618566.0 104
1723387468347 25618566.0 105
1723387486733 25618566.0 106
1723387505085 25618566.0 107
1723387523538 25618566.0 108
1723387541772 25618566.0 109
1723387560161 25618566.0 110
1723387578287 25618566.0 111
1723387596591 25618566.0 112
1723387614821 25618566.0 113
1723387633716 25618566.0 114
1723387653575 25618566.0 115
1723387671944 25618566.0 116
1723387690326 25618566.0 117
1723387708499 25618566.0 118
1723387726721 25618566.0 119
1723387744851 25618566.0 120
1723387763286 25618566.0 121
1723387781628 25618566.0 122
1723387800070 25618566.0 123
1723387818561 25618566.0 124
1723387837168 25618566.0 125
1723387855529 25618566.0 126
1723387874051 25618566.0 127
1723387892495 25618566.0 128
1723387910845 25618566.0 129
1723387929062 25618566.0 130
1723387947579 25618566.0 131
1723387966590 25618566.0 132
1723387985153 25618566.0 133
1723388003621 25618566.0 134
1723388021941 25618566.0 135
1723388040941 25618566.0 136
1723388059402 25618566.0 137
1723388077842 25618566.0 138
1723388096140 25618566.0 139
1723388114667 25618566.0 140
1723388133197 25618566.0 141
1723388151646 25618566.0 142
1723388169870 25618566.0 143
1723388188339 25618566.0 144
1723388206456 25618566.0 145
1723388225289 25618566.0 146
1723388244305 25618566.0 147
1723388262894 25618566.0 148
1723388281215 25618566.0 149
1723388299717 25618566.0 150
1723388318397 25618566.0 151
1723388336932 25618566.0 152
1723388355688 25618566.0 153
1723388373981 25618566.0 154
1723388392292 25618566.0 155
1723388410350 25618566.0 156
1723388428748 25618566.0 157
1723388447363 25618566.0 158
1723388466006 25618566.0 159
1723388484270 25618566.0 160
1723388502967 25618566.0 161
1723388521525 25618566.0 162
1723388539772 25618566.0 163
1723388559245 25618566.0 164
1723388577511 25618566.0 165
1723388595819 25618566.0 166
1723388614049 25618566.0 167
1723388632816 25618566.0 168
1723388651122 25618566.0 169
1723388669584 25618566.0 170
1723388688006 25618566.0 171
1723388706525 25618566.0 172
1723388725207 25618566.0 173
1723388743823 25618566.0 174
1723388761971 25618566.0 175
1723388780042 25618566.0 176
1723388798548 25618566.0 177
1723388817514 25618566.0 178
1723388836537 25618566.0 179
1723388854680 25618566.0 180
1723388873288 25618566.0 181
1723388891549 25618566.0 182
1723388909742 25618566.0 183
1723388928203 25618566.0 184
1723388946561 25618566.0 185
1723388964997 25618566.0 186
1723388983371 25618566.0 187
1723389001984 25618566.0 188
1723389020510 25618566.0 189
1723389039045 25618566.0 190
1723389057653 25618566.0 191
1723389076137 25618566.0 192
1723389094889 25618566.0 193
1723389113291 25618566.0 194
1723389131881 25618566.0 195
1723389150330 25618566.0 196
1723389168802 25618566.0 197
1723389186955 25618566.0 198
1723389205407 25618566.0 199
