1723385521373 1.6854543968250877 0
1723385540320 1.5036685341282894 1
1723385559805 1.421303347537392 2
1723385579058 1.242636716679523 3
1723385599049 1.1956829287503894 4
1723385618280 1.1450192175413434 5
1723385636703 1.0383256814981763 6
1723385655164 1.0964907705783844 7
1723385674437 1.083211843904696 8
1723385692921 1.0042483885037272 9
1723385711363 0.97201385466676 10
1723385730539 0.9572950930971849 11
1723385749346 0.909542369215112 12
1723385767918 0.9670987607617128 13
1723385786351 0.9858654031628057 14
1723385805188 0.951600191624541 15
1723385823700 0.9372196275936929 16
1723385843504 0.8933829351475364 17
1723385862208 0.8845799330033755 18
1723385880770 0.939040880454214 19
1723385899048 0.9149138707863657 20
1723385917491 0.8096915977565866 21
1723385936013 0.89985386242992 22
1723385954501 0.8342073206838808 23
1723385972531 0.875351336441542 24
1723385990718 0.8865275006545218 25
1723386008779 0.8619994905434156 26
1723386027263 0.9106600778667551 27
1723386045439 0.8234596268126839 28
1723386064350 0.9091513054935556 29
1723386083058 0.8980704365592254 30
1723386102327 0.9100749053453144 31
1723386121559 0.8515690212187014 32
1723386140156 0.9687452959386926 33
1723386158330 0.821292979152579 34
1723386176655 0.899120317477929 35
1723386194661 0.8952900641842892 36
1723386212990 0.8708246616940749 37
1723386231388 0.8067860383736459 38
1723386249900 0.8313907996604317 39
1723386267889 0.843645462080052 40
1723386286922 0.82225338644103 41
1723386305550 0.8889441592128653 42
1723386324610 0.7540198791968195 43
1723386343201 0.8544992710414686 44
1723386361336 0.8203691259810799 45
1723386380070 0.805191065135755 46
1723386399001 0.8430774933413455 47
1723386417397 0.8195493229125675 48
1723386436236 0.8070100624310342 49
1723386454641 0.7852272242307663 50
1723386473595 0.7688986855117899 51
1723386491813 0.8123853151735506 52
1723386509963 0.8354735852856385 53
1723386528129 0.8228756393256941 54
1723386546742 0.8185240171457592 55
1723386564919 0.8408929486023752 56
1723386583451 0.8132596251211668 57
1723386602224 0.7742729626203838 58
1723386620602 0.8108474659292322 59
1723386639081 0.8038975800338545 60
1723386657231 0.8065595705258218 61
1723386675898 0.782699244587045 62
1723386694082 0.7892521149233768 63
1723386713605 0.8052532508185035 64
1723386732133 0.7998795721091723 65
1723386750783 0.8195795667798895 66
1723386768939 0.8445962479240016 67
1723386787639 0.7930186814383456 68
1723386805831 0.8109625923006158 69
1723386824277 0.8304476157615059 70
1723386842458 0.8260529590280432 71
1723386861112 0.7754083691458953 72
1723386879572 0.7596016745818289 73
1723386897918 0.7800234509141821 74
1723386916142 0.7055337601586392 75
1723386934742 0.7837502477984679 76
1723386953122 0.8071276757277941 77
1723386971932 0.7779952648438906 78
1723386990741 0.7911402990943507 79
1723387009187 0.7410176741449457 80
1723387027569 0.7849222013824865 81
1723387045793 0.7616258655723772 82
1723387064111 0.759997695684433 83
1723387082637 0.830827744383561 84
1723387100828 0.835111467461837 85
1723387119150 0.7847949972278193 86
1723387137755 0.7611510094843412 87
1723387156154 0.7750033602902764 88
1723387174587 0.7909871167258212 89
1723387192832 0.7808446335165125 90
1723387211307 0.7480534848413969 91
1723387229626 0.7619597660867792 92
1723387248093 0.7803090316684622 93
1723387266247 0.8013739821157957 94
1723387284514 0.8343118374284945 95
1723387302615 0.7789612059530459 96
1723387320920 0.781381294131279 97
1723387339818 0.8010524887787668 98
1723387357981 0.788287037297299 99
1723387376177 0.7564938633065474 100
1723387394478 0.7862575618844283 101
1723387412990 0.7397690015403848 102
1723387431428 0.7491538681482014 103
1723387450113 0.8187158499893389 104
1723387468342 0.7425103328729931 105
1723387486729 0.7952958784605327 106
1723387505080 0.7095054693912205 107
1723387523535 0.7644157182229193 108
1723387541767 0.7860264997733267 109
1723387560158 0.7743786157746064 110
1723387578282 0.771631544357852 111
1723387596587 0.755641769421728 112
1723387614818 0.76707046361346 113
1723387633711 0.7557682959656966 114
1723387653570 0.7946657287447076 115
1723387671940 0.7583410990865607 116
1723387690321 0.7889112939960078 117
1723387708495 0.7604113934855712 118
1723387726717 0.7894846765618575 119
1723387744846 0.7833783132465262 120
1723387763281 0.776949826039766 121
1723387781624 0.7940217005579095 122
1723387800066 0.7862151453369542 123
1723387818556 0.7950324706341091 124
1723387837163 0.752006512723471 125
1723387855525 0.7646487472872985 126
1723387874046 0.7403017470711156 127
1723387892491 0.7405778593138644 128
1723387910840 0.7679924564926248 129
1723387929050 0.7608033638251456 130
1723387947575 0.783915660883251 131
1723387966587 0.7369683902514609 132
1723387985149 0.758319627297552 133
1723388003618 0.772304369430793 134
1723388021938 0.787608517627967 135
1723388040936 0.7599616584024931 136
1723388059398 0.7812883626473578 137
1723388077838 0.7504353491883529 138
1723388096136 0.7621605702136692 139
1723388114662 0.7663493470141762 140
1723388133192 0.7693576906856737 141
1723388151642 0.7638670096271917 142
1723388169865 0.775536931659046 143
1723388188335 0.7658134612597918 144
1723388206452 0.7290018843977075 145
1723388225284 0.739426671674377 146
1723388244301 0.7391227891570643 147
1723388262890 0.7728769802733472 148
1723388281210 0.7653171420097351 149
1723388299713 0.7557533995101327 150
1723388318392 0.7865489203678934 151
1723388336928 0.7430853914273413 152
1723388355685 0.7780319734623558 153
1723388373977 0.827459642761632 154
1723388392289 0.7455139866000727 155
1723388410346 0.7720262314143934 156
1723388428743 0.7943674671022516 157
1723388447359 0.7411787643244392 158
1723388466001 0.7691739813277596 159
1723388484266 0.7605713221587633 160
1723388502964 0.7499063642401445 161
1723388521519 0.787477287022691 162
1723388539767 0.7297235742995614 163
1723388559242 0.8291677707119992 164
1723388577508 0.8000498939501611 165
1723388595815 0.7677828371524811 166
1723388614045 0.7749442050331518 167
1723388632812 0.7746346412520659 168
1723388651117 0.7216966928620088 169
1723388669580 0.7217677188547034 170
1723388688001 0.7702011897375709 171
1723388706522 0.7831250335040846 172
1723388725202 0.7410362535401395 173
1723388743819 0.7759306971964083 174
1723388761967 0.7244134349258322 175
1723388780038 0.7948548589882097 176
1723388798537 0.730888412186974 177
1723388817511 0.7631095945835114 178
1723388836532 0.7378510158312949 179
1723388854676 0.7300821440784555 180
1723388873284 0.7223292032354757 181
1723388891545 0.739546106049889 182
1723388909737 0.7515699651680494 183
1723388928199 0.7299277860867349 184
1723388946557 0.7606848243035769 185
1723388964993 0.7332159123922649 186
1723388983367 0.7427154606894443 187
1723389001979 0.7968521337760123 188
1723389020505 0.7404790552038896 189
1723389039040 0.7681613760559183 190
1723389057648 0.7596624509284371 191
1723389076132 0.7466652173745004 192
1723389094884 0.7801854657499414 193
1723389113286 0.7379220237857417 194
1723389131877 0.7472494456328844 195
1723389150326 0.7577311631880308 196
1723389168798 0.7368666670824352 197
1723389186950 0.7354238119564558 198
1723389205403 0.7618960706811202 199
