1723385521371 1.000000000000001e-05 0
1723385540319 1.000000000000001e-05 1
1723385559803 2.0500000000000007e-05 2
1723385579056 3.1e-05 3
1723385599048 4.1500000000000026e-05 4
1723385618279 5.1999999999999976e-05 5
1723385636701 6.241908001049455e-05 6
1723385655162 6.238350157083089e-05 7
1723385674435 6.234147508069849e-05 8
1723385692920 6.229301090950505e-05 9
1723385711361 6.223812101505961e-05 10
1723385730537 6.217681894062237e-05 11
1723385749345 6.210911981156286e-05 12
1723385767917 6.203504033162805e-05 13
1723385786350 6.195459877882132e-05 14
1723385805185 6.186781500089207e-05 15
1723385823698 6.177471041043897e-05 16
1723385843502 6.167530797962654e-05 17
1723385862207 6.15696322345172e-05 18
1723385880768 6.145770924901976e-05 19
1723385899047 6.133956663845617e-05 20
1723385917489 6.121523355274778e-05 21
1723385936011 6.108474066922306e-05 22
1723385954500 6.094812018504844e-05 23
1723385972530 6.080540580928403e-05 24
1723385990716 6.0656632754566655e-05 25
1723386008778 6.05018377284213e-05 26
1723386027262 6.034105892420452e-05 27
1723386045437 6.017433601168041e-05 28
1723386064349 6.0001710127233076e-05 29
1723386083046 5.982322386371614e-05 30
1723386102326 5.963892125994466e-05 31
1723386121554 5.944884778982821e-05 32
1723386140154 5.925305035115145e-05 33
1723386158328 5.905157725400249e-05 34
1723386176654 5.884447820885351e-05 35
1723386194659 5.863180431429486e-05 36
1723386212988 5.841360804442792e-05 37
1723386231386 5.818994323591706e-05 38
1723386249898 5.7960865074707276e-05 39
1723386267887 5.772643008240687e-05 40
1723386286920 5.7486696102342406e-05 41
1723386305548 5.7241722285286095e-05 42
1723386324608 5.699156907486186e-05 43
1723386343199 5.673629819263113e-05 44
1723386361334 5.647597262286447e-05 45
1723386380068 5.621065659700083e-05 46
1723386398999 5.594041557779957e-05 47
1723386417395 5.566531624318847e-05 48
1723386436235 5.538542646981201e-05 49
1723386454639 5.5100815316283675e-05 50
1723386473594 5.481155300614685e-05 51
1723386491811 5.4517710910548284e-05 52
1723386509962 5.4219361530628064e-05 53
1723386528127 5.391657847963158e-05 54
1723386546740 5.360943646474588e-05 55
1723386564917 5.329801126866728e-05 56
1723386583450 5.2982379730903055e-05 57
1723386602223 5.2662619728812286e-05 58
1723386620600 5.2338810158390596e-05 59
1723386639079 5.201103091480443e-05 60
1723386657229 5.167936287267743e-05 61
1723386675897 5.134388786613605e-05 62
1723386694081 5.100468866861839e-05 63
1723386713604 5.066184897245096e-05 64
1723386732132 5.031545336819866e-05 65
1723386750781 4.9965587323793664e-05 66
1723386768938 4.9612337163447225e-05 67
1723386787638 4.925579004635066e-05 68
1723386805830 4.889603394517007e-05 69
1723386824272 4.8533157624340085e-05 70
1723386842456 4.816725061816314e-05 71
1723386861111 4.779840320871782e-05 72
1723386879570 4.742670640358314e-05 73
1723386897916 4.705225191338413e-05 74
1723386916140 4.6675132129163e-05 75
1723386934741 4.629544009958358e-05 76
1723386953121 4.591326950797282e-05 77
1723386971931 4.552871464920548e-05 78
1723386990739 4.514187040643888e-05 79
1723387009186 4.475283222770141e-05 80
1723387027568 4.4361696102342364e-05 81
1723387045791 4.3968558537347994e-05 82
1723387064109 4.357351653352979e-05 83
1723387082636 4.317666756159104e-05 84
1723387100827 4.277810953807744e-05 85
1723387119149 4.23779408012175e-05 86
1723387137753 4.197626008665924e-05 87
1723387156152 4.1573166503108444e-05 88
1723387174585 4.1168759507875276e-05 89
1723387192830 4.0763138882334516e-05 90
1723387211305 4.035640470730609e-05 91
1723387229625 3.994865733836157e-05 92
1723387248091 3.953999738106303e-05 93
1723387266246 3.9130525666139963e-05 94
1723387284513 3.872034322461098e-05 95
1723387302613 3.8309551262855936e-05 96
1723387320918 3.7898251137644496e-05 97
1723387339817 3.748654433112812e-05 98
1723387357980 3.707453242580088e-05 99
1723387376176 3.666231707943528e-05 100
1723387394477 3.625000000000002e-05 101
1723387412988 3.583768292056471e-05 102
1723387431427 3.542546757419914e-05 103
1723387450112 3.501345566887189e-05 104
1723387468340 3.460174886235556e-05 105
1723387486728 3.4190448737144085e-05 106
1723387505078 3.377965677538899e-05 107
1723387523533 3.3369474333860064e-05 108
1723387541766 3.2960002618937025e-05 109
1723387560156 3.255134266163846e-05 110
1723387578281 3.214359529269394e-05 111
1723387596585 3.1736861117665525e-05 112
1723387614816 3.133124049212473e-05 113
1723387633709 3.092683349689156e-05 114
1723387653568 3.052373991334076e-05 115
1723387671939 3.012205919878245e-05 116
1723387690319 2.972189046192256e-05 117
1723387708493 2.9323332438408978e-05 118
1723387726715 2.8926483466470258e-05 119
1723387744845 2.8531441462652043e-05 120
1723387763280 2.8138303897657633e-05 121
1723387781623 2.7747167772298597e-05 122
1723387800064 2.735812959356112e-05 123
1723387818554 2.697128535079451e-05 124
1723387837161 2.6586730492027212e-05 125
1723387855523 2.6204559900416417e-05 126
1723387874044 2.5824867870836993e-05 127
1723387892490 2.5447748086615907e-05 128
1723387910839 2.5073293596416844e-05 129
1723387929046 2.4701596791282218e-05 130
1723387947574 2.4332749381836912e-05 131
1723387966585 2.3966842375659946e-05 132
1723387985147 2.3603966054829964e-05 133
1723388003616 2.3244209953649284e-05 134
1723388021936 2.2887662836552758e-05 135
1723388040934 2.253441267620633e-05 136
1723388059396 2.218454663180132e-05 137
1723388077837 2.1838151027549028e-05 138
1723388096135 2.1495311331381557e-05 139
1723388114660 2.1156112133863947e-05 140
1723388133190 2.0820637127322564e-05 141
1723388151640 2.048896908519556e-05 142
1723388169863 2.0161189841609354e-05 143
1723388188334 1.9837380271187752e-05 144
1723388206450 1.951762026909689e-05 145
1723388225282 1.9201988731332676e-05 146
1723388244300 1.8890563535254157e-05 147
1723388262888 1.8583421520368457e-05 148
1723388281208 1.828063846937193e-05 149
1723388299711 1.798228908945175e-05 150
1723388318391 1.768844699385314e-05 151
1723388336927 1.739918468371631e-05 152
1723388355683 1.711457353018794e-05 153
1723388373975 1.6834683756811487e-05 154
1723388392287 1.6559584422200428e-05 155
1723388410344 1.62893434029992e-05 156
1723388428742 1.602402737713554e-05 157
1723388447358 1.5763701807368853e-05 158
1723388465999 1.5508430925138134e-05 159
1723388484264 1.5258277714713875e-05 160
1723388502962 1.501330389765762e-05 161
1723388521517 1.4773569917593133e-05 162
1723388539765 1.4539134925292763e-05 163
1723388559240 1.4310056764082923e-05 164
1723388577506 1.4086391955572122e-05 165
1723388595814 1.386819568570509e-05 166
1723388614044 1.3655521791146476e-05 167
1723388632811 1.3448422745997489e-05 168
1723388651116 1.3246949648848574e-05 169
1723388669578 1.3051152210171798e-05 170
1723388687999 1.286107874005535e-05 171
1723388706520 1.267677613628385e-05 172
1723388725201 1.2498289872767e-05 173
1723388743818 1.2325663988319559e-05 174
1723388761966 1.2158941075795497e-05 175
1723388780037 1.1998162271578718e-05 176
1723388798533 1.1843367245433393e-05 177
1723388817509 1.1694594190715977e-05 178
1723388836531 1.1551879814951579e-05 179
1723388854675 1.1415259330776932e-05 180
1723388873283 1.1284766447252217e-05 181
1723388891544 1.116043336154383e-05 182
1723388909736 1.1042290750980252e-05 183
1723388928198 1.0930367765482808e-05 184
1723388946555 1.0824692020373444e-05 185
1723388964992 1.0725289589560991e-05 186
1723388983366 1.0632184999107885e-05 187
1723389001978 1.0545401221178651e-05 188
1723389020504 1.0464959668371915e-05 189
1723389039039 1.0390880188437191e-05 190
1723389057647 1.0323181059377632e-05 191
1723389076130 1.0261878984940364e-05 192
1723389094882 1.0206989090494961e-05 193
1723389113283 1.0158524919301529e-05 194
1723389131876 1.0116498429169151e-05 195
1723389150325 1.00809199895054e-05 196
1723389168797 1.005179837875787e-05 197
1723389186948 1.0029140782248284e-05 198
1723389205401 1.0012952790399541e-05 199
