1723362648862 1.0000000000000002e-06 0
1723362732006 1.0000000000000002e-06 1
1723362793517 2.5799999999999987e-05 2
1723362805162 5.060000000000002e-05 3
1723362815367 7.539999999999999e-05 4
1723362824688 0.00010019999999999996 5
1723362836598 0.00012492119824838798 6
1723362847201 0.0001248865368846256 7
1723362857306 0.00012484558244040637 8
1723362866667 0.00012479833940684653 9
1723362878545 0.0001247448129646771 10
1723362888739 0.00012468500898367573 11
1723362899186 0.00012461893402202282 12
1723362908575 0.0001245465953255825 13
